3000
19080133	18	19081222	1
19081423	3	53
19090641	45	44
19092333	8	19090432	42
19090241	10	19080142	43
19071221	2	19072241	54
19091841	21	28
19092712	13	24
19091612	39	19082233	16
19081612	54	19092332	55
19082711	2	19100422	19
19071742	13	52
19101432	7	57
19071811	26	19091731	4
19080133	40	58
19093013	13	19092741	47
19071912	11	59
19072922	49	19080642	56
19071141	10	12
19100421	37	1
19082122	16	58
19080832	8	43
19091611	31	1
19100833	39	29
19101432	34	29
19071721	39	19081211	53
19072521	58	43
19071912	47	40
19071641	25	19080932	55
19101421	3	19070421	49
19082131	8	20
19100432	11	32
19091632	11	19081231	36
19081211	40	19072522	34
19092042	36	19071241	59
19091012	23	19101042	60
19090432	55	57
19090922	44	19082231	3
19082832	56	19072541	57
19071841	52	19091622	55
19070212	13	19081333	38
19090922	3	13
19090232	18	6
19072321	9	19081441	35
19090911	1	29
19091132	8	4
19092341	24	19071242	55
19081313	2	4
19070222	9	59
19090922	25	19082232	13
19071741	39	19073022	41
19072621	43	19082011	9
19100232	21	19090612	28
19091832	35	19092542	29
19071041	58	19090612	36
19082131	19	29
19090932	45	27
19092711	35	19082721	21
19090511	48	39
19071732	29	19072512	56
19090922	45	43
19091142	27	19100411	42
19091013	34	19100741	13
19092042	5	19080141	39
19062521	18	19080831	20
19070841	22	16
19072332	50	19071832	42
19072422	4	10
19090912	37	3
19080821	54	21
19101512	31	19101111	15
19080242	13	22
19091711	47	19090432	60
19090333	12	19071611	27
19080821	32	2
19100211	15	6
19081443	15	19071221	9
19092042	52	19090631	45
19062731	14	27
19082742	18	19071032	15
19070231	29	49
19092621	60	7
19082711	5	19062421	17
19101421	38	19062832	53
19090332	15	19091832	13
19072222	14	37
19062531	25	19080832	32
19081313	23	19081311	39
19071111	12	14
19071141	12	33
19072511	51	19092621	43
19083041	25	19092332	52
19082841	7	19072231	44
19081922	26	19072241	18
19062832	46	19100711	10
19092341	36	19091612	55
19071511	16	7
19092732	2	19092021	34
19073022	25	19071542	48
19090311	15	26
19070931	6	19082222	28
19082232	31	19080832	46
19070931	45	46
19091831	57	23
19072432	13	58
19072231	42	7
19092421	29	19092632	35
19070212	18	5
19072211	42	11
19082142	60	19090441	3
19093013	42	19070221	49
19080932	5	19071721	43
19091622	34	19082921	1
19080242	30	19082131	23
19081942	32	19062841	57
19082143	35	19082212	58
19100431	40	19091141	37
19070231	37	43
19082013	3	19100742	15
19101441	57	5
19072632	44	19090511	32
19071611	50	35
19092712	17	19101141	4
19090331	54	55
19092711	57	19091742	1
19080832	52	19071041	7
19082342	41	19070311	20
19091041	10	19092741	43
19071542	17	19083022	20
19082841	59	19100211	51
19092741	50	59
19082823	14	19091142	19
19090932	39	19080843	25
19071242	31	19091813	53
19092421	2	19082843	11
19092433	17	19072541	50
19083041	18	19081941	3
19070242	9	14
19080843	21	19072332	43
19062831	47	19090522	13
19090922	52	19092332	5
19081612	56	39
19090411	11	44
19091142	40	19090311	39
19100211	59	19091121	4
19072322	12	23
19090212	23	19081421	48
19071731	43	60
19071731	17	42
19072922	49	15
19100721	52	19082711	8
19090612	39	19092421	22
19082041	47	19070922	7
19090621	5	48
19091122	16	19071732	49
19091122	29	19101132	9
19070322	4	19
19062811	51	47
19083021	21	20
19090441	43	19091012	48
19092621	29	16
19092632	59	19082621	43
19100432	49	43
19090321	41	19092422	13
19062622	31	19070532	26
19081421	16	19092521	16
19072231	40	43
19101042	35	19072632	37
19080832	30	19101512	14
19082011	45	19090621	32
19090612	60	39
19101132	44	19080843	3
19092022	14	9
19090621	53	43
19071211	21	46
19082111	43	41
19080541	59	34
19091011	17	40
19072441	50	20
19090321	36	32
19092522	50	19090922	44
19101042	16	34
19092312	42	19090332	9
19071141	44	7
19062622	43	19082331	38
19070222	48	58
19070222	14	8
19080122	48	51
19090331	31	19
19100743	34	19092641	8
19082233	4	41
19073012	23	19071832	56
19081922	19	59
19092521	27	25
19080922	48	19101441	10
19082112	56	19
19092732	43	19081622	52
19072911	24	31
19072221	21	57
19072212	59	19081611	2
19071811	34	21
19062831	36	56
19071142	49	59
19090332	21	19100811	38
19083041	48	44
19081622	48	5
19091832	39	19091622	48
19101442	7	43
19081432	34	7
19070311	14	19072621	5
19100411	7	19070412	3
19072311	2	19090942	9
19071141	15	34
19071011	58	26
19072332	15	19071832	18
19101021	58	29
19090932	11	19082711	8
19080541	4	19071712	1
19091721	31	8
19092332	24	19082222	25
19082842	46	40
19071121	22	28
19101422	45	35
19071241	27	19080133	25
19072341	51	19080142	4
19081432	59	32
19071041	2	19090641	26
19081232	36	31
19082832	18	41
19081632	57	19062841	18
19070311	4	19062521	4
19101442	32	26
19091621	2	19071032	5
19092341	53	19070231	59
19073012	58	40
19082131	33	19100412	50
19080642	14	19093042	35
19070412	16	17
19100821	23	19090441	6
19090631	19	37
19092542	24	19072222	28
19090313	42	49
19071221	35	19071912	56
19091822	39	35
19081622	57	33
19091832	14	3
19070242	24	19090511	2
19070921	35	58
19080742	11	51
19070912	59	34
19072311	52	19
19071142	59	19090333	24
19080241	51	19091142	26
19092522	58	3
19100831	19	17
19062831	10	19091741	31
19072322	11	19082712	38
19090411	2	15
19091731	33	51
19080922	43	37
19080531	43	19072522	17
19082012	9	19073012	6
19090322	6	19080843	49
19071521	37	20
19101022	28	26
19082911	52	17
19080133	46	19071032	54
19100411	45	19082013	36
19080131	3	19101112	59
19100442	52	19091942	60
19080832	32	19091911	36
19092422	21	52
19070312	3	28
19092522	39	19071512	40
19093011	46	19070321	49
19092623	23	19082842	48
19070412	33	19070311	34
19081931	25	33
19073022	26	19082622	26
19071231	46	19082342	48
19101132	38	44
19080131	6	19090932	58
19071041	30	19
19091813	8	54
19092432	22	48
19091122	13	19100421	49
19071221	46	19062542	19
19062641	55	19072522	47
19092422	23	52
19100823	48	19092511	59
19093042	49	19091141	28
19080641	13	19091011	23
19092022	15	31
19100831	59	19062832	36
19071622	25	19101513	52
19092421	5	19100411	7
19071141	32	19072211	3
19070412	23	19071732	35
19071141	31	20
19101121	20	19091911	2
19072541	31	19062842	46
19091611	27	19092542	53
19080131	32	32
19070831	52	49
19090232	47	42
19072242	32	19082142	42
19072322	35	19100432	19
19071931	10	19091731	31
19070142	49	55
19071231	17	12
19090222	52	3
19090511	25	19062842	19
19071131	56	36
19090211	7	19101113	41
19081912	32	6
19080641	35	9
19082942	30	29
19082841	27	2
19090631	40	19071911	31
19090642	40	18
19080843	7	19072332	24
19071833	20	27
19090541	2	18
19082641	36	13
19090413	28	23
19072511	19	24
19070222	56	21
19062722	23	19090222	26
19092621	42	1
19091132	7	19070221	52
19090621	20	52
19101041	33	19092333	57
19081312	57	27
19062621	20	52
19090532	6	19080921	34
19100832	22	19100833	39
19090322	18	41
19081931	54	43
19080932	14	19071611	54
19070912	3	19070312	39
19071732	51	8
19071731	12	19090222	59
19090641	50	19081932	26
19092432	16	25
19071841	60	32
19092333	13	24
19082711	52	19070442	56
19100241	48	19081231	23
19070222	26	37
19070212	51	19062722	58
19092433	44	56
19082721	3	58
19090211	20	19082622	18
19090542	35	55
19071732	40	19082832	10
19092521	47	3
19071222	16	59
19081332	40	24
19070222	32	48
19092311	44	17
19100821	39	19071611	10
19090222	18	19071542	44
19073011	29	19070921	49
19091741	33	45
19082342	23	47
19081232	58	19091841	45
19092511	41	19090341	54
19082942	36	50
19080543	1	17
19090511	7	19062431	23
19091142	2	30
19090333	20	19082921	6
19073011	25	42
19071211	16	9
19070212	23	6
19071242	23	57
19082711	25	26
19071911	34	47
19071741	20	19082143	21
19062622	51	19070841	13
19090941	50	19092031	30
19082911	31	19091831	14
19072632	19	19072322	12
19090212	6	13
19083032	30	19082732	38
19091012	3	19071712	19
19091831	48	50
19071832	42	55
19091813	35	19082143	7
19092031	9	19070331	35
19082922	39	33
19080231	53	59
19082132	37	19080832	58
19071841	52	24
19071511	30	47
19090942	43	52
19090413	58	28
19081621	33	19082131	9
19080832	52	19071211	38
19082111	58	19090542	28
19092521	22	19090911	60
19081442	31	19080843	60
19072441	21	60
19092631	46	13
19100211	39	19092631	44
19072522	42	19082013	24
19080542	12	28
19101512	45	19090531	34
19091742	46	19082721	34
19070532	42	19091041	10
19090413	38	19093042	13
19082032	56	19
19081922	12	19100813	57
19100832	53	19091731	42
19091831	34	11
19091742	27	33
19082812	58	19072341	13
19073011	38	19092312	59
19101513	58	19090932	35
19081922	36	19082832	16
19080932	57	36
19072441	31	3
19092512	58	25
19101442	2	19090431	17
19101041	8	8
19072511	14	22
19080542	31	30
19091612	22	19080932	22
19100432	29	13
19100823	56	19071542	51
19080131	48	38
19101141	34	19071741	1
19072212	53	19101042	58
19082621	46	19073012	37
19100743	5	6
19082231	29	3
19080932	3	45
19100411	15	19082013	37
19100422	16	19070831	59
19091942	53	46
19090642	14	6
19083041	33	19091631	60
19091721	16	12
19082232	8	20
19082843	45	35
19092541	48	19091822	26
19070532	5	48
19081912	18	30
19072221	10	11
19082712	32	25
19070121	58	19
19092512	36	22
19090621	26	19101022	21
19071231	17	13
19100411	19	20
19092422	44	30
19080932	16	18
19082821	33	19092512	6
19072332	22	38
19100743	48	35
19073012	26	1
19090911	50	8
19080922	20	19091621	9
19071512	49	19090241	57
19082622	27	23
19081331	43	19072512	51
19080541	39	19072542	40
19080142	7	19070121	58
19072231	37	19081442	36
19072511	1	42
19101513	25	19091132	30
19071512	37	19100412	58
19101041	21	19082112	16
19093042	38	32
19080231	20	52
19090311	55	19082622	31
19091632	48	35
19091141	11	30
19081231	4	7
19080921	5	33
19081622	41	30
19100811	36	21
19090311	12	12
19101041	31	19062531	15
19100813	6	19081311	32
19082722	6	19070311	29
19062622	20	19090932	50
19072422	16	19080543	7
19092622	56	2
19100442	56	19092332	58
19101421	30	28
19070321	41	19100411	44
19081912	35	42
19092542	17	19071922	24
19100831	26	56
19090911	36	19092541	40
19062621	28	17
19082942	23	19081313	39
19092312	14	52
19082243	29	19070311	1
19080922	53	19080531	12
19090411	26	38
19071912	5	19101422	58
19100421	19	33
19080241	24	47
19081423	55	19080133	12
19082621	17	41
19072432	59	58
19082622	34	58
19072312	31	19083022	4
19101512	4	4
19090531	21	15
19090541	16	33
19100741	38	5
19081931	8	19100832	34
19090531	1	19100741	25
19070142	19	19101441	59
19092632	52	7
19101512	50	19080122	22
19070322	38	20
19100442	24	8
19071922	32	19092611	44
19092031	13	43
19100432	32	38
19100133	20	19091731	28
19090232	43	31
19090941	27	17
19100121	53	19092631	59
19082233	46	19082812	8
19080922	58	19080932	42
19090421	52	19
19081612	11	19082823	41
19070442	27	6
19101442	29	19082032	10
19081421	6	19100123	38
19080832	49	19082012	40
19083032	17	19092623	25
19071022	6	19082231	36
19073122	6	58
19072632	41	19082722	48
19071731	48	32
19090612	54	45
19092021	34	8
19070121	19	28
19100721	4	11
19090541	1	19091022	41
19091731	12	19072312	27
19092422	5	19101441	58
19091132	9	32
19071832	7	29
19100432	12	1
19071532	34	54
19090212	48	43
19092022	12	56
19071522	45	19081421	57
19091622	31	10
19062722	38	19081621	23
19071833	44	52
19082231	51	19080241	44
19101421	59	19081442	29
19082823	2	32
19101111	11	56
19082721	14	47
19093041	34	16
19093042	46	40
19091012	49	43
19092422	1	26
19081321	33	19081322	56
19081313	31	19091911	20
19092042	49	19080141	37
19101033	13	42
19070922	22	19082822	38
19083011	43	43
19090432	11	19080821	1
19100412	36	19080242	37
19080232	49	45
19092431	37	8
19081342	20	3
19082612	33	19081332	32
19080641	58	19100241	59
19062722	19	19081621	10
19091632	34	19071922	40
19070431	18	17
19082821	54	19071041	56
19062832	20	19100121	60
19072512	16	19083011	42
19081232	19	28
19070142	33	11
19080142	44	19071731	44
19082122	3	19091731	59
19071021	17	22
19100421	14	48
19080542	25	19072432	23
19082132	30	19072911	54
19090321	37	54
19100422	60	15
19081321	3	49
19091131	38	5
19091612	53	19071521	2
19100743	38	60
19080541	18	42
19082711	44	19092032	36
19090421	21	59
19083021	55	55
19090922	46	19081432	40
19100442	53	19091942	39
19091631	16	19070522	41
19081421	56	1
19081422	6	19080221	15
19092712	13	28
19092741	46	19070421	20
19062542	16	29
19082642	20	19082122	58
19092021	40	6
19101033	21	9
19071912	47	16
19090612	29	58
19072521	2	19091142	14
19071511	30	54
19090941	53	19100842	50
19082142	5	19092632	10
19070531	28	5
19091711	50	19082012	19
19072522	12	5
19081922	42	19082832	48
19080132	42	17
19101042	13	19070522	33
19090212	43	19091721	40
19071741	7	41
19090413	29	59
19083031	60	19080221	24
19070321	24	19082232	28
19070321	9	7
19082122	26	39
19081411	52	19092312	25
19080941	58	19090911	20
19090641	30	19081932	18
19092623	3	19082712	7
19072422	32	4
19081941	41	50
19081331	9	19091741	32
19100743	45	19082911	3
19081921	23	36
19082012	23	19
19071242	7	19080642	34
19082612	38	19071642	56
19101012	1	27
19071542	25	2
19071032	9	19070912	19
19081322	47	20
19082011	7	19070532	17
19070922	22	19091121	6
19082231	38	19062842	34
19072541	13	19062811	60
19101442	19	19091931	50
19090311	10	7
19070931	55	19100833	50
19081612	58	19092332	41
19090342	41	14
19080742	44	59
19090522	40	19082243	54
19100821	6	41
19092332	15	8
19082911	48	19091831	10
19090531	50	19100741	59
19062731	5	19071522	8
19100711	58	19070531	30
19092311	60	34
19101042	41	19062841	5
19091831	58	19062731	22
19080221	1	19071241	36
19081612	10	19072321	38
19100813	13	52
19092312	1	19082722	28
19100842	47	19092422	54
19092632	48	48
19080232	25	19071642	4
19081342	29	19080742	33
19082022	1	19101141	20
19090311	17	20
19070321	17	10
19072432	57	18
19062622	58	44
19083032	22	5
19072211	32	19072922	49
19090241	35	38
19090313	27	5
19062622	45	19082331	23
19080831	20	33
19091731	40	26
19091141	4	19071542	2
19092631	9	19100832	52
19083031	1	19092032	47
19100821	15	19080641	55
19100232	31	8
19080841	46	19092421	51
19080921	42	19090912	10
19082641	37	19082231	53
19072511	33	1
19100831	2	14
19092331	31	19082022	33
19082311	40	23
19090511	44	19100222	34
19080941	20	52
19081931	5	9
19070321	2	56
19072441	35	19092032	40
19092741	46	17
19090641	25	28
19072512	7	19100442	14
19092333	24	19090321	14
19090641	7	19071712	12
19101111	32	6
19101442	1	26
19092621	46	10
19082622	21	18
19090511	41	19093011	4
19082022	16	52
19082732	29	19082612	24
19092741	1	19090341	27
19082841	30	19100211	38
19100711	13	19070841	35
19070921	45	19081632	51
19073012	33	50
19080922	6	11
19071611	19	19080221	47
19100832	54	13
19070541	20	19091741	18
19101132	57	19062731	21
19080922	21	19080932	51
19082823	11	19071642	55
19090322	14	44
19100241	14	19091921	23
19080742	47	16
19071621	55	19082342	55
19100831	5	19081423	43
19092741	5	58
19090241	43	19062841	31
19081322	37	19071142	36
19091041	54	16
19082832	34	19072541	39
19082122	39	19080932	5
19100831	37	19101042	43
19082122	50	19070331	23
19073022	50	19090612	3
19080543	32	19091813	21
19082622	2	19100711	56
19072222	33	19081312	53
19070231	13	19082722	4
19090212	52	19092312	3
19091733	52	19092623	4
19090532	57	2
19090522	21	52
19072222	27	19100842	19
19091813	40	19082722	48
19091831	55	52
19090542	48	1
19091911	32	19080242	13
19100742	57	19072322	44
19090411	53	19080133	1
19092311	19	26
19082712	55	8
19101421	36	19
19071921	14	32
19081632	59	19073011	41
19072422	37	19090431	26
19071811	18	30
19082013	41	47
19090432	23	6
19080142	57	19062841	40
19080642	4	57
19090511	26	48
19092333	26	11
19100742	49	19092712	49
19082721	55	19093011	39
19090922	18	19081432	44
19070142	8	11
19082233	35	19082143	4
19081321	30	19090342	11
19082212	31	19062731	12
19092331	43	33
19090211	52	56
19100412	49	19091921	21
19081441	43	38
19070442	29	19100421	9
19082812	46	19092712	55
19071222	23	56
19082911	30	59
19071512	54	24
19080832	38	17
19090521	25	19091122	10
19072612	12	49
19092431	51	26
19091813	33	19072312	4
19080543	52	19070431	5
19091022	5	19093013	13
19080232	29	19081921	57
19100812	7	19082622	13
19101121	28	19090532	6
19070922	21	51
19081232	44	55
19091012	46	23
19080241	21	47
19101512	14	19062542	25
19070442	50	40
19082233	57	19091731	27
19080131	21	19062841	24
19071721	8	33
19082843	24	58
19100421	14	36
19091621	46	19082712	18
19092712	39	19070841	3
19100811	38	19070421	30
19070321	19	19070431	43
19092622	52	19100812	44
19100842	16	19080231	55
19071021	55	19080131	45
19070831	51	19101111	14
19080941	3	19092621	53
19101513	24	19062531	7
19100133	5	47
19100823	45	19080122	29
19071242	54	25
19100222	21	19090333	19
19081942	35	5
19101441	22	19091132	35
19090241	57	19080142	5
19072212	33	5
19072911	51	19101041	52
19082041	26	39
19070942	49	34
19071721	23	53
19070531	33	37
19090332	50	33
19081622	38	48
19081311	11	10
19082641	58	4
19071142	35	19090313	35
19070231	27	19071841	50
19073022	19	21
19080133	28	19071211	59
19070912	31	19101132	41
19090432	11	19081222	29
19092542	37	36
19092521	56	2
19083031	19	19100231	56
19083021	52	44
19092631	32	19092521	31
19090222	56	19
19081611	45	37
19081942	14	49
19081442	39	53
19081423	28	8
19081342	35	41
19081342	44	27
19080133	21	16
19062641	4	31
19071912	47	19062621	10
19092421	4	25
19062811	60	60
19090441	51	56
19071041	53	19100432	47
19083041	36	42
19071532	37	33
19081621	10	20
19071742	1	19082641	40
19100231	17	40
19082012	59	42
19062622	9	15
19080132	13	19081921	10
19090332	4	9
19071712	4	40
19071222	53	42
19092333	4	19100231	28
19072922	29	17
19070431	5	4
19073122	48	19100442	37
19082232	59	3
19100742	40	19082922	42
19080812	56	19071211	44
19062732	46	59
19091121	49	19080922	58
19072231	36	19083031	45
19081332	49	19091841	20
19070841	27	54
19083031	56	41
19092521	12	19090311	35
19092623	21	40
19082712	14	60
19071742	1	19072222	35
19082911	57	19080831	13
19070442	24	58
19062731	1	19070222	37
19073011	56	19100422	37
19071142	29	59
19083011	23	19081422	26
19082011	27	19082311	58
19072212	35	19092621	10
19072422	29	19092611	34
19090911	52	53
19082112	12	19091733	5
19081333	52	19062421	43
19073022	41	19070121	51
19071011	27	34
19082921	25	19070312	32
19092541	34	19072241	3
19072641	14	29
19091721	21	58
19070532	33	19090941	30
19091841	23	3
19073011	47	11
19082222	13	19092621	16
19080242	9	19072641	29
19093042	19	19091141	60
19092511	4	18
19092641	1	28
19101421	35	49
19082722	13	19092712	46
19091012	25	60
19082612	50	19080241	27
19092542	40	27
19071742	53	19092312	24
19091031	41	19070121	24
19091621	46	19091012	20
19082921	5	31
19081231	5	41
19072632	11	19070931	16
19092732	12	54
19071832	9	19082311	5
19101012	6	19071833	13
19070331	43	19070331	57
19092541	44	18
19071811	30	43
19070431	40	19083021	46
19090211	9	41
19091731	41	19070431	14
19082732	25	19100821	26
19101443	14	58
19082012	59	19070922	36
19081232	56	19091832	9
19101121	58	19091911	3
19101443	6	19082821	19
19091711	23	42
19070921	30	19072241	57
19071242	27	19062732	25
19072542	29	19082822	58
19082921	10	32
19071032	15	31
19081331	57	15
19081411	52	19092022	10
19062831	8	19071741	16
19090342	3	19072632	5
19092042	12	23
19071242	38	19082732	31
19091621	10	19083022	2
19080231	6	19090531	59
19091011	34	19090212	54
19092042	58	27
19070312	35	50
19070331	52	23
19080922	16	19090232	21
19090641	43	6
19071542	49	58
19082823	6	17
19090331	1	19071132	11
19083021	20	57
19083042	10	8
19092312	28	19090332	20
19091632	23	19082621	21
19071732	36	19082131	38
19081232	23	19072512	45
19082112	6	36
19072621	46	19070231	6
19082641	59	19071911	25
19093041	2	35
19081312	8	19082112	33
19080742	53	19093042	43
19091142	11	35
19081232	55	19101421	38
19071231	48	33
19071922	3	19070221	46
19072312	41	53
19080141	33	49
19071811	33	19062732	58
19071522	30	5
19092341	13	19082212	34
19090531	3	37
19090413	46	19070221	53
19082711	9	13
19070331	6	19081942	19
19080142	19	46
19100832	24	15
19101443	55	19092433	42
19081342	50	19072632	3
19070121	49	20
19080641	29	19072641	59
19072641	18	15
19082641	58	19071032	2
19071521	23	19081442	20
19071542	25	19090413	17
19071821	27	19092732	30
19090541	58	19101443	31
19081442	58	11
19090642	58	40
19092632	41	19091813	50
19090541	40	19072241	26
19072521	19	10
19071821	49	17
19081211	7	19090431	30
19071241	13	19090321	24
19092332	13	19062811	5
19101033	58	27
19090432	41	15
19081321	14	7
19070831	9	19071142	43
19071021	34	19080131	19
19062542	7	27
19090341	29	21
19070321	60	19071611	40
19092622	23	53
19090532	28	19071921	55
19100421	56	30
19082711	20	59
19082111	49	19081942	57
19070922	4	19083022	20
19071741	28	19070421	15
19092341	27	45
19071021	60	19090941	14
19081342	59	19081622	37
19080821	17	59
19072222	44	19082131	52
19100742	24	19072322	14
19070241	25	44
19092541	46	19072241	1
19062531	39	16
19091013	17	45
19090311	1	19062621	26
19090331	51	45
19091131	21	29
19070121	1	19081331	4
19082641	24	53
19092622	21	60
19082232	9	19092432	18
19062542	47	58
19100813	17	19100813	58
19081922	46	19071141	28
19082741	4	19090222	27
19082722	17	19071811	23
19082822	32	19071141	33
19090211	44	19100711	23
19080133	2	40
19090411	40	10
19071921	13	50
19082921	55	10
19091611	18	4
19062421	13	19073012	26
19072322	47	30
19092522	36	11
19082011	54	19092512	19
19100442	6	47
19092331	18	19090941	31
19101111	23	19092711	14
19072441	2	38
19070331	14	19092511	27
19072322	17	19081423	26
19091022	57	19093013	52
19072922	31	11
19092632	19	19
19082222	18	51
19071132	47	27
19081311	39	19081422	33
19080241	41	18
19100411	53	19082013	52
19091031	54	28
19090531	36	6
19070322	33	19100213	51
19091942	53	19070442	44
19092622	47	19100812	50
19101012	22	45
19101432	57	38
19072522	11	31
19082621	50	19082942	2
19081311	42	22
19090411	20	19072332	19
19070421	33	19092623	51
19091831	15	19101422	9
19092432	44	23
19090541	15	19081211	3
19090441	16	21
19092641	11	39
19090642	39	19101141	60
19091731	24	50
19071532	33	21
19082342	4	19071521	50
19082641	21	31
19101021	18	19082612	39
19082921	7	19070312	4
19071032	34	19092431	8
19070921	24	30
19070922	2	12
19090313	60	19080531	7
19072522	35	19082821	12
19082231	33	27
19070431	25	17
19092042	50	27
19082641	39	19082231	29
19082722	54	19070311	45
19070442	39	7
19091611	48	47
19071041	33	4
19081231	23	10
19072522	11	57
19080241	17	19072221	49
19101442	39	19072511	43
19071532	31	19092622	13
19070212	42	27
19072641	59	19070212	11
19100811	53	19062531	24
19092332	12	1
19091022	27	18
19091741	46	19070311	56
19071522	35	44
19071041	36	19080921	2
19071542	11	43
19082031	44	32
19062832	25	29
19071222	39	19080932	30
19081312	16	19082721	7
19071833	21	34
19090211	19	19
19082331	22	14
19081232	34	4
19100422	48	6
19072521	11	44
19082822	26	19082832	36
19082112	19	19070221	17
19070541	42	19090441	8
19082742	36	19082911	58
19082142	16	56
19070522	5	19090212	29
19072541	43	19072641	28
19070922	27	10
19093041	60	19070212	41
19083021	8	19082013	49
19072522	41	19070431	25
19091741	26	17
19071811	31	33
19092632	23	19092732	8
19073122	14	48
19090241	44	19091012	51
19092311	60	25
19091131	57	19081411	45
19072542	42	19090642	6
19081941	34	19080221	29
19080542	60	19073012	3
19101441	22	19093011	49
19081423	52	19082842	55
19091022	38	45
19092332	12	19082222	40
19070221	18	29
19071522	9	19071121	58
19090522	13	19091831	7
19082712	9	55
19091611	6	19092542	27
19101113	45	19092641	7
19091013	46	19091813	53
19082122	55	19100831	25
19072511	33	54
19101512	1	41
19100432	53	19070431	48
19071512	35	19101021	15
19081211	52	32
19072312	47	19100213	39
19092433	20	17
19091022	35	32
19080543	38	44
19082822	57	10
19090642	50	19092522	41
19072422	18	36
19082622	54	19100411	28
19070231	37	19071841	53
19090321	54	11
19100842	29	47
19072542	38	25
19081411	1	4
19072542	46	16
19081322	30	54
19101132	54	19090942	28
19082131	31	19070922	50
19070531	40	19082721	26
19092621	36	10
19071522	52	35
19091911	46	30
19082922	43	56
19091612	6	26
19062421	35	19081632	22
19070922	17	10
19091131	59	19091741	23
19071911	43	44
19081333	33	51
19070221	51	36
19090631	51	28
19072221	49	44
19080821	57	18
19071222	50	39
19070942	26	19071532	3
19090942	3	19090521	52
19070412	25	56
19092042	40	53
19072312	42	41
19100121	51	19091131	11
19071731	39	43
19081622	37	19080131	8
19092631	36	19081222	15
19071142	9	19101442	42
19072612	17	19082143	41
19101022	52	19082233	58
19080843	5	33
19080832	36	41
19080221	54	19072241	47
19092611	51	19062641	42
19100831	55	19072632	35
19081232	34	19090641	18
19071641	35	51
19073011	54	19080531	53
19091711	47	19101132	12
19071711	25	7
19100711	27	19091141	39
19090642	42	19071811	60
19082842	40	19070531	7
19101021	33	5
19072612	22	19082233	6
19090341	21	19081313	50
19071241	1	19071032	11
19070912	15	32
19092432	41	5
19070421	25	19092512	26
19072311	57	45
19080841	30	43
19100442	58	19091841	47
19081411	1	26
19090911	26	19093013	49
19082742	18	14
19082722	24	19082641	37
19081612	34	19082823	30
19072641	10	19082931	13
19080543	27	54
19090432	27	19091741	17
19071921	20	19100812	6
19062842	38	53
19091121	52	19080821	34
19073122	48	22
19082232	54	5
19070312	28	19082222	58
19100432	47	24
19100213	36	19071121	54
19062832	52	19091942	56
19101431	41	44
19082032	53	19081921	10
19092541	2	27
19071241	54	26
19080941	10	20
19070541	34	19071111	21
19062622	46	34
19090522	55	19071731	22
19081443	38	19
19071222	35	7
19082642	16	19090232	39
19091742	55	19062431	42
19082231	51	19081932	22
19090411	16	6
19071833	3	19092433	44
19070221	46	53
19062622	2	2
19070412	47	57
19100721	2	28
19090342	5	39
19071841	13	34
19082842	28	22
19081921	51	31
19101141	42	8
19101431	47	19082243	20
19081921	45	24
19101441	44	19071032	34
19090532	44	35
19091011	56	14
19070312	35	19092522	55
19081921	1	3
19082311	26	19091611	12
19090322	47	6
19100232	48	54
19092312	39	13
19071021	59	41
19071221	40	36
19100213	50	19062732	51
19090521	23	19070412	35
19081932	55	35
19090641	14	24
19072321	38	7
19083011	34	17
19072322	25	19081432	14
19093041	16	19071241	53
19082842	30	19081411	29
19081331	23	19082233	22
19093041	30	19090612	59
19092611	51	19081411	8
19062731	18	5
19082012	1	41
19091832	51	19091611	32
19090612	11	21
19070531	3	19082131	28
19092431	15	19091031	12
19082011	58	35
19091742	13	52
19090941	16	32
19081231	26	19091132	4
19070922	8	19091121	49
19071911	16	40
19062542	13	19070212	5
19070922	1	19071741	54
19082823	49	59
19071832	36	19081442	8
19072922	54	5
19101441	18	60
19091621	31	19082942	13
19080841	33	10
19081231	1	29
19082131	23	19081421	44
19071131	20	37
19081622	42	19100412	17
19100241	20	50
19071131	19	33
19091121	24	18
19080822	14	19092641	19
19071841	18	18
19073012	4	19090631	13
19101421	19	19091841	14
19090222	41	19100123	14
19081232	45	19090322	44
19062732	12	41
19092422	22	9
19062841	33	19101132	21
19092431	22	19090241	5
19071611	35	19080642	12
19101132	49	19091622	16
19091632	49	19080531	23
19101121	48	36
19081922	9	7
19062842	23	57
19070522	32	19092312	37
19082612	31	25
19071512	43	19071742	55
19082711	56	60
19090241	49	36
19101113	22	35
19071231	11	41
19071711	23	45
19081912	27	19100811	21
19090511	9	19093011	58
19071611	11	19090631	52
19072211	40	29
19092332	44	59
19071142	33	32
19071911	21	3
19070442	48	19070231	11
19071731	53	19101113	38
19071542	17	19071121	44
19062722	11	19101041	7
19072441	12	19100121	6
19092421	52	19071522	55
19070331	22	19092741	48
19083031	17	19100231	2
19080941	5	19081411	16
19101141	52	19091132	18
19072632	37	19080941	28
19072341	39	19090413	38
19062841	36	54
19090432	9	24
19070522	39	19081932	6
19090432	43	26
19081332	5	4
19082331	17	5
19092031	53	53
19090911	44	19082311	19
19101121	46	36
19082712	8	20
19071621	19	25
19091631	15	55
19081322	57	19091041	23
19091122	9	30
19091731	26	19092621	34
19092333	19	10
19062531	15	19080242	10
19071931	7	19081921	54
19062841	56	41
19080921	11	54
19082122	23	18
19081211	8	19071011	26
19091013	60	19071832	23
19091841	31	17
19080843	1	36
19100743	10	24
19082012	35	19071221	27
19080232	9	19072341	57
19071641	1	39
19081311	26	18
19101022	15	24
19070322	16	43
19092522	8	21
19071931	28	2
19081312	33	19092341	45
19082212	33	10
19082342	28	54
19100231	11	17
19092022	24	15
19071641	25	47
19100232	13	23
19082711	37	51
19090631	12	22
19082032	42	19082812	26
19081443	34	19071221	30
19100823	33	19081331	3
19081912	10	53
19090421	35	19091942	17
19091022	50	23
19101021	42	19071131	42
19071833	23	45
19072311	52	5
19080641	26	20
19072422	48	19093011	59
19082742	16	20
19072521	12	19071512	19
19080843	2	19070431	4
19081332	7	5
19080821	29	19070311	32
19090641	53	19072422	16
19090222	18	19072242	33
19080542	26	6
19092732	49	16
19091742	49	19090932	1
19080921	35	19092511	26
19070531	7	19072332	48
19070322	39	55
19090922	60	33
19100812	58	44
19081331	2	48
19092022	55	19093041	34
19082143	7	19062832	57
19081622	43	19083042	11
19081942	51	26
19091622	31	19082921	33
19071141	18	49
19093041	17	5
19080132	38	40
19062811	9	19100222	26
19072512	48	29
19090621	8	19090441	40
19092641	53	58
19091142	43	19062831	2
19071732	53	19062641	37
19071841	37	19090332	3
19082922	12	19080921	9
19090641	22	2
19100442	14	19092711	41
19100832	27	16
19092331	46	19093041	51
19082231	43	58
19082832	27	34
19082233	2	19082812	16
19073011	27	42
19071922	3	19081432	27
19090441	40	52
19081332	20	8
19070931	14	19082222	9
19062831	43	22
19100442	10	19082822	10
19091911	44	19062732	52
19081612	34	47
19091742	43	34
19081611	10	19091013	18
19071532	56	19080142	10
19080742	53	45
19062831	27	19090421	58
19082841	53	19100211	47
19100842	50	19072212	45
19082132	22	2
19090511	33	48
19083041	12	19092622	6
19071811	34	19062621	12
19090511	28	19062842	43
19080232	20	19
19082132	31	19091611	54
19093042	46	19091011	43
19090333	20	19090531	24
19071641	9	52
19091611	13	19090432	24
19100742	46	19070241	19
19080841	46	28
19073011	20	32
19101033	53	19070531	21
19083041	19	19092622	37
19080131	46	19082622	27
19090511	28	18
19100222	58	14
19091121	33	19080922	40
19080242	36	22
19092421	31	25
19082232	16	19070921	21
19092611	60	19081612	6
19082812	1	19100831	10
19071742	41	19082641	34
19082721	45	19093011	36
19082741	11	55
19092432	4	34
19082922	44	19071611	10
19090941	15	19071022	28
19081313	16	19070241	2
19092741	30	47
19100241	28	19101012	48
19070541	37	9
19082641	32	17
19101111	42	16
19071912	32	19081942	5
19070311	60	19072621	49
19071512	14	32
19071142	53	19090313	56
19070222	30	5
19090333	10	15
19062832	2	46
19070421	18	19101513	52
19080832	8	15
19071921	39	26
19090311	7	19
19092622	52	44
19100823	51	21
19100831	11	54
19081441	4	24
19101443	25	19072621	30
19090342	30	19071542	2
19082823	53	19090222	1
19092512	50	19082112	52
19082331	28	19070231	29
19071721	5	19080242	24
19071532	55	19080142	26
19071712	56	58
19071542	9	41
19101012	30	39
19071712	14	19092631	53
19081442	21	40
19070241	42	19072321	59
19072241	16	19092512	24
19091611	41	53
19091011	60	25
19100842	49	19090541	42
19091611	27	19090332	60
19062641	28	19082841	19
19091131	20	29
19091832	12	17
19072321	25	51
19092521	56	23
19090531	51	47
19072432	26	19062431	33
19070912	30	26
19092042	12	3
19092431	25	19082041	26
19100121	31	15
19100213	14	19080531	33
19081932	42	19101113	39
19101121	54	19070931	42
19072321	4	59
19101042	6	19092331	15
19072241	53	19081232	38
19072632	27	57
19101042	55	19100121	45
19081622	49	54
19083021	38	19070922	59
19072432	36	19062431	51
19082131	60	38
19082842	56	19081931	57
19072212	15	19082832	59
19100743	8	19092641	59
19101513	56	19090413	7
19072512	25	19100442	43
19080843	10	19070431	16
19081621	15	21
19062431	15	11
19091031	48	58
19090441	24	19080843	27
19100222	58	44
19062542	10	8
19100412	52	2
19071111	2	32
19100232	56	19091121	29
19091012	19	51
19082041	13	19101443	26
19062811	34	55
19080821	22	19080541	44
19091841	36	19062621	16
19100831	45	19093011	28
19081442	58	19092631	45
19072222	9	25
19062421	21	8
19081422	30	19070242	58
19091622	9	48
19091631	2	23
19071141	11	30
19091621	5	6
19091911	12	3
19080543	20	41
19080831	26	19080642	48
19091011	10	19082732	25
19083011	45	19070532	28
19082022	36	23
19090641	9	19081932	15
19090211	1	28
19062842	11	29
19092422	23	46
19062641	58	19090521	1
19092022	30	19070931	39
19082931	39	19090541	38
19082942	11	19090542	12
19072312	52	19071522	32
19080812	48	19071211	46
19091141	11	19072241	29
19070121	38	19081331	36
19080822	22	3
19073011	49	10
19092622	7	1
19090311	59	29
19072322	12	7
19071712	30	19080742	46
19070532	22	14
19070212	24	19082612	55
19091141	43	8
19100422	56	23
19090333	56	2
19092622	42	4
19081321	56	53
19062832	9	19091942	22
19092341	5	7
19080231	41	19072312	29
19092741	41	19090341	24
19071833	34	21
19100232	39	19091841	25
19071222	21	57
19100211	37	19090942	60
19091741	19	19070212	9
19100431	28	19071641	6
19090521	27	24
19072922	27	19092741	60
19091931	53	19081942	42
19091132	16	19070221	54
19100213	36	29
19062722	36	19071241	34
19070522	21	19082741	9
19091013	54	19091013	38
19082843	9	19091711	31
19090212	27	10
19092341	22	24
19071911	38	19080133	16
19081222	35	5
19082012	44	19072511	35
19101422	40	19072511	36
19062722	25	19081313	18
19082911	39	19072922	36
19092032	5	19090922	7
19080843	7	19093013	58
19100813	60	19082741	31
19092022	17	19070931	53
19090413	51	19092623	59
19090333	4	19090431	59
19062732	44	48
19090342	22	3
19082911	28	19070922	57
19081312	60	19091742	57
19080122	45	19101022	5
19070322	5	12
19100741	23	19090321	60
19082822	15	19070922	31
19100123	5	19082321	17
19101442	40	35
19090333	4	19092512	55
19082342	44	16
19072612	8	19073011	30
19082642	21	19081242	10
19092541	36	19080541	1
19081231	36	19080142	55
19071721	37	5
19101431	37	54
19072341	60	19082942	15
19071511	45	19091813	41
19071142	52	19
19071021	30	19072621	27
19091931	25	19072221	7
19071931	10	19100741	16
19082812	47	59
19092031	42	19081441	26
19080821	42	11
19081941	60	19100211	21
19071642	5	11
19092711	17	19070532	25
19090911	49	42
19080832	40	19091122	55
19091742	47	21
19100422	55	20
19091632	22	3
19072922	5	25
19100813	44	19071611	22
19062841	13	19091122	7
19070531	51	8
19062431	32	2
19081321	17	19081322	29
19082843	1	29
19070532	48	59
19081922	18	53
19062731	30	19073012	20
19082732	21	10
19091741	30	42
19062831	7	15
19072222	28	36
19101513	50	19
19062842	59	19101442	18
19092631	26	19071022	14
19101042	34	23
19071731	34	12
19091621	31	13
19090222	39	34
19082711	2	24
19080821	23	19090922	30
19071231	31	19092511	25
19090441	19	19081921	36
19090421	17	20
19071832	28	19080132	39
19091132	15	20
19101442	1	19080141	24
19080742	20	19082231	11
19100211	10	43
19100842	15	7
19080231	24	19090511	50
19081231	36	19071032	54
19071222	40	44
19101112	57	19071041	33
19090541	21	15
19100121	30	19092031	47
19071742	38	55
19100823	22	53
19082921	6	22
19100833	38	19082031	12
19081211	19	19090431	53
19082012	13	19072311	3
19071821	38	29
19090421	58	19091942	43
19082011	22	19092512	16
19100813	51	47
19082142	14	15
19090333	27	19092732	23
19080232	43	19092432	40
19070312	10	3
19100411	48	19092311	38
19100412	38	22
19092432	42	19090411	20
19082711	47	25
19072312	37	19090641	55
19091012	10	19081442	51
19071142	14	48
19070532	15	55
19101422	3	19082711	47
19090511	20	17
19082642	32	26
19071111	28	19072212	53
19081321	15	19081941	44
19090431	8	30
19082822	1	19082931	2
19092741	18	9
19091631	13	19081611	5
19090313	46	19073011	14
19071111	9	50
19090431	51	19091122	56
19070942	10	52
19072612	7	19082911	39
19081312	57	19072432	13
19071131	49	19090942	32
19100743	53	19092622	57
19082013	35	19090641	32
19090241	25	40
19082622	11	19100123	25
19080132	31	19081922	24
19071021	43	17
19082132	4	59
19081342	13	17
19070321	16	49
19100133	4	19091731	23
19101021	7	9
19091742	58	19062431	30
19072641	30	55
19092641	25	8
19071921	10	6
19080141	7	19100411	43
19082022	56	14
19080132	3	19071141	50
19081941	30	19101033	6
19091742	37	19101112	3
19080843	6	7
19080831	55	45
19071512	38	19081333	45
19062841	46	19072241	15
19070221	52	19090912	37
19080543	13	19072312	13
19082243	34	1
19082842	31	19090411	1
19080822	13	13
19090542	11	30
19092422	47	32
19080642	9	41
19071141	40	19091832	34
19071521	30	19092623	44
19090542	29	19091011	16
19071741	7	19082911	31
19091041	58	15
19071011	57	19071521	21
19092632	47	32
19091131	59	19070522	60
19070831	14	19080843	35
19062641	1	25
19082132	14	7
19072511	7	6
19092032	31	19080641	36
19081231	20	19080142	26
19070311	52	59
19101441	47	59
19082243	26	20
19101021	7	19081421	42
19072231	30	56
19091931	39	8
19092522	10	49
19090321	37	16
19101421	10	57
19090642	40	19071721	56
19071921	42	19071931	54
19090311	31	19071731	59
19092332	44	19081211	44
19101422	22	17
19081422	20	10
19070942	33	19080531	12
19100813	27	59
19100721	15	19101113	22
19083032	6	19081311	27
19072242	44	19092622	40
19072632	31	19073022	16
19080531	26	36
19090333	38	40
19101422	3	19100431	41
19092332	21	19070222	22
19081332	21	20
19071912	28	19073012	58
19082911	22	5
19091041	24	19062842	59
19071131	6	19080542	30
19080941	10	37
19092331	8	19073022	28
19071922	4	19090313	37
19091011	23	19081313	8
19101041	41	47
19090511	42	10
19071833	1	19092521	38
19092312	7	19083022	28
19071911	24	52
19091621	48	10
19101042	20	28
19100232	30	19092512	41
19091612	8	19091012	2
19091611	1	19062841	26
19072211	4	19072922	51
19070241	37	12
19082812	6	19071241	13
19072322	28	19071241	29
19070421	33	35
19090222	24	9
19072511	28	19092632	59
19081621	44	8
19082041	13	37
19071621	53	48
19071041	17	27
19080922	20	19100741	11
19080142	7	52
19070241	51	54
19091131	48	19081632	55
19093011	29	40
19082612	19	25
19081921	13	59
19091733	41	19093013	6
19081322	49	57
19062831	26	19070421	35
19091612	6	37
19062621	18	19090441	22
19083041	25	37
19071841	25	58
19070322	55	3
19082041	34	22
19071121	27	19072621	57
19081411	60	19062732	40
19070532	55	19081632	39
19091632	51	46
19101442	8	15
19071512	40	19090241	54
19072212	29	19101442	59
19062732	39	14
19071811	47	24
19071132	42	19062621	35
19072641	10	19100411	34
19090333	27	19071622	23
19081211	13	19101422	60
19082132	20	19081423	24
19092631	22	42
19090241	36	19082032	4
19082642	20	19092541	31
19082812	56	19101022	20
19100813	5	53
19092711	33	43
19092333	49	4
19092611	20	19083021	11
19091022	49	19062521	13
19100742	37	19082921	47
19091031	58	15
19091011	60	56
19100131	5	30
19100121	3	27
19070921	37	15
19062622	12	25
19092623	48	19072332	26
19101422	26	42
19070522	51	19090212	41
19101441	39	19092042	41
19082711	34	19070442	42
19101021	44	41
19081932	9	19080812	28
19100831	57	16
19073122	1	7
19082143	22	19082143	33
19071222	50	12
19082012	43	19071221	23
19081321	13	19100211	18
19090232	22	42
19090532	15	45
19083022	19	39
19082142	54	19100842	55
19071141	53	10
19082843	2	42
19081321	54	6
19082012	41	19073012	18
19101442	2	28
19091121	9	19080821	57
19081443	27	19081422	49
19101041	53	19080641	51
19090942	4	19092511	57
19090421	43	19071011	54
19071132	35	57
19092521	8	10
19091741	21	13
19083021	57	19070912	9
19082222	44	19081622	2
19081922	58	35
19100412	37	31
19092741	46	19082122	49
19080122	43	19062811	1
19100821	10	13
19070321	16	42
19071712	8	19092631	18
19083042	23	27
19082212	39	19062731	7
19082222	15	53
19072221	47	19082911	15
19071521	46	37
19071621	54	19090621	34
19072541	56	24
19081922	57	19072241	45
19080812	10	19071742	58
19101132	7	19062731	30
19091832	7	19072621	20
19070142	52	19
19091721	3	26
19071622	27	41
19071132	60	23
19092522	19	23
19070431	46	41
19081232	7	19091841	41
19070421	5	19091822	34
19071521	1	19070431	37
19091632	23	19081942	16
19091041	26	36
19100431	23	19100232	23
19101012	49	19100432	20
19080932	12	35
19062542	15	60
19091013	21	19100741	47
19091741	47	15
19090411	54	19071532	31
19091031	9	19071931	7
19100432	54	19082111	39
19100711	21	8
19082922	10	28
19081932	35	19070522	2
19080932	56	2
19100813	6	36
19071022	33	14
19072621	33	10
19091041	6	19101422	4
19090531	43	23
19082222	39	17
19062722	19	13
19100241	40	12
19071921	28	60
19100442	6	19091731	52
19092712	25	19081411	21
19072911	6	5
19091122	7	19073022	59
19071832	51	24
19071222	47	19090411	20
19082212	42	6
19092732	47	19081622	50
19080231	28	19081311	32
19101442	20	19100823	49
19082243	8	19073011	14
19101022	6	19100742	51
19091013	30	38
19090411	16	39
19070532	30	17
19092512	48	6
19072542	34	19090642	47
19082812	3	46
19101422	16	19082711	60
19091721	50	25
19080641	2	57
19082821	20	19081222	49
19081321	41	19072221	15
19071611	14	4
19092431	57	19090241	48
19090421	51	19100743	42
19062521	50	9
19070541	51	19091741	51
19101033	4	19082012	29
19101121	19	19090522	26
19072911	19	6
19092341	16	19071521	6
19082821	53	48
19062622	51	44
19073122	52	19080812	10
19062831	5	19090522	59
19090413	26	19071211	38
19071732	51	16
19071732	7	19091813	21
19080231	30	19071931	2
19082243	34	39
19100232	57	19091831	42
19091813	46	8
19082612	4	18
19082622	14	19070922	27
19080541	40	7
19072441	7	19090912	34
19080231	12	36
19083031	4	19071211	10
19090321	53	19072242	55
19090333	11	19082921	53
19082823	8	35
19091832	32	19080541	3
19090542	32	55
19092632	9	47
19101441	46	41
19092741	24	19100821	15
19071242	10	19062732	13
19083041	32	6
19101033	12	46
19081442	51	58
19062831	30	19100742	19
19080242	54	19090621	17
19062841	39	19090941	19
19100432	39	27
19092622	24	1
19092421	29	37
19091831	48	19101431	5
19070222	12	19062621	14
19072612	24	19100123	46
19090313	23	19070922	8
19100211	25	19083042	47
19070921	5	19070221	48
19080941	60	5
19091122	58	7
19091742	31	43
19101012	19	19092521	35
19082321	38	19100431	39
19091611	21	4
19082132	33	2
19090342	20	19062542	39
19080132	4	23
19071132	36	19082041	53
19090311	56	51
19072332	32	19080542	33
19091031	33	19072221	39
19100222	48	19062622	13
19100821	53	44
19100823	37	19092511	7
19081442	32	19090912	46
19082231	46	12
19083011	4	29
19081231	28	55
19090333	2	31
19082231	18	27
19080742	38	19093042	38
19071542	48	19071532	50
19072231	45	55
19071011	17	6
19091832	33	19072621	27
19082841	43	37
19070231	56	19071841	23
19092621	54	40
19092431	14	20
19091131	46	11
19100421	45	18
19092522	31	39
19091142	53	19090311	25
19082222	34	56
19071142	43	19083021	21
19070241	58	13
19100131	57	58
19092631	38	52
19092621	14	48
19100231	24	41
19091911	2	14
19092432	23	47
19100743	20	19092622	53
19090411	4	44
19091022	50	45
19090521	57	19071911	29
19090211	8	3
19062811	37	19072221	40
19081313	38	19080922	35
19071231	5	11
19071732	48	19072512	44
19100231	38	9
19091621	18	13
19071741	35	25
19091012	13	57
19080932	11	19072522	51
19081342	52	49
19081423	46	19092341	10
19092042	23	19090631	22
19090532	28	12
19100431	14	19080841	19
19100222	16	19092031	39
19091011	53	2
19091611	1	56
19090322	7	49
19100133	9	19062831	27
19072222	43	39
19082143	10	48
19081423	51	36
19071921	35	19092331	14
19070242	43	19082331	14
19081421	34	8
19092432	1	19082712	15
19080231	56	28
19091822	22	19090321	37
19091631	22	19070541	50
19080642	41	1
19090932	18	19081443	45
19091121	17	11
19083032	58	51
19082812	44	14
19090522	5	19081932	50
19071231	2	6
19092333	45	27
19080821	29	36
19091711	26	19101132	41
19073011	41	16
19071641	13	34
19092512	33	59
19070121	35	19100442	30
19092732	19	15
19072432	2	19091132	12
19080822	24	19071711	4
19100842	35	19070331	40
19080241	29	47
19080132	43	30
19082012	4	42
19082843	52	19082131	58
19093042	7	9
19070121	49	19090641	45
19082622	34	11
19081313	34	44
19071622	49	19091011	43
19092541	11	10
19080232	33	31
19090321	29	39
19072211	4	2
19101132	11	7
19090411	31	19080133	33
19091041	57	19070841	7
19100123	51	19
19082711	59	19092032	45
19081231	27	19091721	35
19100241	14	19091921	31
19081432	22	5
19080132	7	19071141	52
19091832	57	14
19092512	44	19082122	47
19071821	46	35
19082732	1	40
19092622	17	19092631	18
19091041	3	52
19071211	57	53
19091631	45	19081611	41
19092621	24	19070321	21
19070541	44	19090441	60
19070522	39	19091931	50
19092341	28	19092622	44
19082621	60	19070912	9
19092512	40	19080221	58
19092341	51	19090612	53
19092732	33	19101042	18
19071641	27	19062842	23
19092042	28	53
19080141	26	31
19071141	38	8
19080642	3	10
19082111	12	57
19080231	37	11
19082832	14	24
19101443	26	19072621	28
19070431	58	31
19070841	44	19072311	12
19090631	27	9
19091632	11	19081331	43
19072441	34	24
19062542	18	19071741	24
19092622	8	9
19073012	16	19080821	1
19080231	30	19090531	16
19080831	9	21
19082143	18	58
19070442	55	19071711	55
19070321	42	21
19080922	9	19101441	53
19092631	28	19101432	39
19100741	26	47
19082832	15	57
19082842	35	7
19082612	10	19062832	59
19082342	25	19081443	40
19082821	11	18
19081432	22	45
19062531	29	19091611	23
19090431	60	19082841	20
19101042	20	19070522	38
19072212	49	19091141	4
19082621	54	19071542	37
19100412	45	38
19070831	8	19080843	43
19082911	28	59
19072321	5	19091822	34
19062621	23	19071711	1
19071621	23	17
19090322	49	15
19100741	38	19081922	58
19082143	54	19091822	24
19091022	36	1
19072211	8	47
19070922	5	1
19081313	34	49
19090911	60	36
19090542	22	19101141	50
19082911	49	56
19101442	2	19080141	44
19090531	35	30
19100422	35	19100213	4
19072512	59	19091733	42
19082842	46	19070531	51
19070142	25	19082711	22
19072332	26	35
19082842	1	15
19070831	40	19090441	51
19091832	52	34
19071141	43	34
19090432	22	38
19083041	14	19092331	45
19082231	9	21
19080131	13	19071711	23
19072332	3	19100231	10
19090341	19	19080832	51
19092521	40	19083031	56
19062841	49	5
19081942	36	54
19082842	34	19082012	41
19071222	29	19070212	16
19100123	6	19071732	14
19070921	48	16
19070231	33	19090621	9
19101132	30	59
19070242	56	2
19091041	3	50
19080231	18	19082711	12
19091121	49	19091822	6
19090942	59	19072512	28
19072241	48	11
19081931	26	4
19081342	34	16
19092732	49	19091841	45
19093042	4	19081441	10
19100812	55	36
19070531	57	35
19071622	12	41
19092623	13	19081222	50
19072541	35	31
19081922	49	41
19090631	44	19081421	8
19080122	19	19090911	53
19091011	44	19091141	9
19071241	30	58
19082011	22	19070312	39
19072241	46	19071712	23
19071922	15	23
19062621	5	29
19072621	51	7
19080531	12	19100222	55
19070532	31	21
19072322	33	18
19072441	29	43
19071711	23	19071821	9
19091841	5	19080221	28
19080921	51	3
19070321	29	19072422	23
19093042	27	19062841	8
19071131	24	52
19082011	35	19080142	32
19080822	7	19090621	2
19101431	3	25
19070242	16	54
19072341	19	40
19071221	36	15
19070421	26	19070532	16
19080921	47	19090621	22
19092331	43	17
19100741	34	6
19081421	20	19092521	35
19082233	33	57
19071041	38	19093011	60
19092741	26	8
19080221	29	50
19090432	25	51
19092333	34	19092422	5
19091831	42	5
19082131	19	19081421	1
19100442	47	19092332	44
19071611	19	13
19101443	45	23
19101042	37	19081342	41
19081332	50	19093041	19
19091131	29	21
19070212	8	19071742	14
19100123	49	19071832	57
19090642	22	19081332	24
19101441	10	19092042	34
19090341	53	28
19100811	32	7
19090542	32	19100431	32
19080541	29	13
19090331	57	19081421	18
19070431	9	1
19062521	51	27
19072512	29	60
19091731	57	19081931	45
19100241	29	19062622	40
19072341	25	19082131	48
19070231	20	6
19082142	4	19100842	33
19082832	60	19082712	43
19071741	54	59
19070442	20	21
19070321	1	19072422	52
19070142	20	19092432	6
19090432	43	38
19071011	10	12
19090211	6	22
19092741	15	19082711	60
19090941	45	16
19082721	13	9
19080831	28	19090211	9
19081942	34	19090532	8
19091911	12	14
19073011	58	20
19071132	49	19081632	42
19081231	32	3
19092732	19	19091841	3
19090941	41	19100842	2
19092611	8	19081411	41
19082721	53	19101132	15
19090642	33	19092421	6
19092332	42	19073011	37
19091013	44	19092632	16
19082311	29	30
19080531	17	19070912	41
19092022	32	29
19092711	6	57
19082311	31	47
19080142	35	19092431	11
19080541	9	30
19092631	52	34
19071811	44	8
19072422	27	19070931	36
19082942	24	16
19062622	35	58
19082142	18	8
19070442	46	32
19100742	38	39
19072512	21	25
19083042	14	46
19071712	59	11
19090531	17	48
19071041	22	35
19071641	43	19082212	2
19071732	8	26
19072511	36	19092622	33
19071921	44	19083042	39
19073012	45	34
19092031	19	19071741	2
19100411	24	19092311	34
19082331	59	55
19081932	58	19090522	41
19080232	46	8
19062832	4	19091942	31
19100422	22	19100213	42
19082712	39	13
19092541	10	14
19090212	1	46
19062531	45	30
19081211	32	46
19072321	8	19080742	48
19070421	47	19090912	9
19081313	7	19091911	55
19082742	32	4
19100431	41	19080841	19
19072311	45	54
19081611	5	19062641	21
19090511	33	33
19101513	35	32
19101432	24	19071511	14
19071512	12	47
19082942	39	6
19080131	12	19090942	42
19080541	34	19081211	49
19081931	45	19071611	56
19070421	51	17
19080122	18	19090532	51
19100833	32	19091122	9
19082011	54	19082931	24
19092432	55	53
19072521	26	38
19090342	6	22
19071131	40	56
19071011	7	19071231	34
19072241	34	19092312	31
19080131	46	19101112	49
19101512	10	19073122	18
19082111	49	19071511	9
19070311	40	19080641	39
19101042	56	19070522	47
19090241	23	19082243	10
19092031	12	19081441	26
19070841	9	58
19071811	19	15
19080542	8	19092312	56
19090541	21	53
19101132	31	19080843	43
19100412	36	19071732	4
19081921	56	37
19091611	13	14
19082742	27	19082911	41
19072231	38	36
19070222	28	19100811	44
19081443	21	19071021	47
19092021	11	31
19080142	55	19070121	48
19062832	11	59
19082311	35	12
19082342	47	19071521	20
19081242	11	19080812	12
19082011	24	19071742	45
19090942	38	19081621	22
19100442	44	59
19070222	17	36
19082841	46	19090932	42
19081912	3	19073122	39
19081432	3	3
19091921	44	19082111	34
19082721	45	19092521	52
19092623	11	19082942	46
19071141	43	39
19081422	20	54
19071222	13	19072222	34
19080832	11	19082111	14
19072311	22	41
19093042	23	19081441	27
19073011	48	19090511	29
19062431	42	19100442	17
19090912	16	46
19071021	54	29
19100743	31	7
19080841	7	19081622	7
19090532	22	19071911	37
19091141	60	19101442	14
19092022	28	19091731	5
19071022	29	19082942	2
19091142	35	21
19090642	10	19092522	1
19092422	26	19082143	25
19092432	27	3
19092621	20	19080542	20
19073122	53	19082243	59
19090342	9	19072632	36
19091711	35	19100442	35
19071142	27	24
19070841	27	56
19071242	25	15
19100833	28	22
19070222	38	15
19090522	42	19071041	9
19091741	49	38
19091631	23	40
19071832	52	8
19082732	37	28
19081942	5	19091911	5
19100831	8	19070912	21
19072541	7	40
19090511	32	19062431	36
19100411	24	19101113	34
19090441	16	19082231	31
19071811	22	19070421	34
19072212	13	32
19092622	9	19062832	53
19070931	60	19100232	57
19081421	60	19071721	55
19071041	10	19090612	22
19092641	15	53
19082111	37	5
19071242	51	19091733	17
19062732	56	19
19080822	21	5
19082732	9	53
19070222	43	19080821	60
19082321	24	43
19092732	26	19101042	26
19070532	23	8
19080242	39	19082032	10
19100133	7	13
19091011	20	19071241	18
19080843	9	19091841	29
19081222	20	19082742	21
19080641	38	37
19071731	27	21
19082921	29	19062811	25
19083021	30	44
19100711	10	31
19091011	12	29
19062421	39	20
19071511	10	19100711	44
19101513	10	19092711	52
19090431	38	42
19082711	14	19082111	14
19100742	53	19082921	23
19073022	33	19081411	2
19080932	44	19071611	46
19070321	12	32
19101421	57	43
19092022	11	19081312	56
19090642	55	19081332	56
19081932	37	25
19062621	44	15
19082212	54	36
19092433	50	19081621	34
19082032	25	51
19082821	43	19100742	12
19071732	1	47
19082142	29	38
19092621	22	19082041	40
19072512	4	34
19090932	32	28
19100812	51	19082712	52
19072542	33	19082822	56
19100833	42	19082022	26
19092333	35	7
19091721	22	21
19101121	5	1
19091921	57	19082722	59
19072322	25	19071241	21
19100743	42	19072521	48
19090322	57	19100241	46
19070312	26	19082911	53
19092512	41	19100741	28
19082641	12	19082642	16
19100721	9	19071742	29
19071731	7	18
19082641	53	19101021	47
19081922	6	19080642	33
19070322	46	15
19082013	17	19091931	10
19090232	9	55
19072911	56	36
19090621	52	58
19082612	44	29
19091612	60	30
19070222	18	19081632	8
19090411	32	10
19092541	58	8
19073011	54	57
19101041	2	19070942	7
19090532	2	46
19072322	21	19071833	16
19081313	57	19070241	8
19100231	15	19082142	58
19101442	36	19092341	50
19072541	43	11
19082231	30	30
19091822	55	24
19100411	56	59
19091142	20	19101121	13
19070912	57	19072312	47
19081242	18	19100442	23
19083022	34	19082742	41
19091733	18	7
19081331	47	32
19062622	28	19071911	8
19070121	4	19072522	21
19081332	25	27
19092431	15	19091031	11
19071022	30	19082111	7
19100741	52	9
19073022	11	3
19081931	46	54
19092331	57	46
19092712	34	10
19100412	41	25
19092631	36	1
19090341	9	59
19073122	10	19072612	28
19081612	9	19071832	25
19081322	10	48
19072212	32	19081611	60
19082612	5	19062832	10
19080812	26	19090941	20
19090941	45	38
19082832	39	8
19092341	23	19082212	38
19091142	51	24
19101111	18	19070222	60
19101421	13	19070421	35
19082342	55	19081443	15
19082922	53	19082642	2
19062841	20	19072241	23
19101431	38	19091612	9
19072332	48	41
19082212	37	19090912	14
19100442	16	19070331	21
19082841	39	43
19072322	30	49
19091841	53	13
19071121	10	19072621	58
19080932	10	19071721	31
19091711	26	7
19071011	26	46
19071542	49	34
19080921	35	19101431	56
19071711	37	47
19072612	48	19071242	50
19101111	39	19070222	27
19062811	38	19092021	43
19100832	22	31
19071721	33	35
19090321	58	19071711	57
19081342	24	19071041	24
19093042	5	53
19081231	57	19091721	23
19062542	56	19091742	14
19070412	14	52
19101431	37	16
19091741	60	19070311	46
19082013	59	19100133	55
19072911	60	50
19081931	25	19081612	57
19070442	44	27
19101121	50	19081932	56
19071142	59	19071912	9
19092712	3	27
19092621	22	44
19083031	39	12
19091622	30	19091611	13
19070531	60	60
19071811	42	3
19081421	56	19082131	31
19090532	34	19071911	47
19082822	48	46
19100721	56	18
19082821	2	55
19081321	38	50
19080543	16	19071642	24
19090641	44	43
19100421	13	19080922	19
19071542	18	1
19100231	32	59
19082231	46	44
19072321	43	19072632	36
19070312	18	19082222	45
19072922	38	19082931	49
19090232	21	7
19080142	58	55
19090911	34	60
19062531	2	19091822	17
19080642	12	19070922	33
19100842	30	19092521	33
19090641	41	15
19082032	54	19071511	43
19071021	29	19072621	60
19081313	13	1
19100222	41	12
19081222	11	46
19093011	51	14
19101021	51	19082722	52
19092331	6	47
19071532	23	19062621	58
19070142	47	19071921	41
19091733	48	19092623	10
19082131	3	19091122	23
19071921	30	44
19080141	37	19093042	54
19082642	32	19100412	16
19071011	57	40
19080133	8	51
19071141	4	19100431	29
19092611	34	19062641	23
19081242	39	4
19090912	34	49
19080812	22	17
19070912	8	1
19101121	28	8
19091921	15	6
19071841	35	19072332	34
19080122	13	19101022	29
19070322	54	19080642	57
19090522	38	19062732	45
19080133	48	19100832	59
19071132	2	26
19091731	15	19101111	15
19092621	12	19062542	25
19090541	5	19071821	7
19090342	49	46
19071022	5	38
19082111	55	19080231	26
19090641	41	17
19082112	31	19080231	9
19082143	6	19080922	20
19090621	39	19070321	18
19101033	20	54
19083011	49	19070321	17
19091741	14	19101021	5
19090411	40	19091733	55
19082012	9	20
19091632	30	12
19092541	37	22
19081411	32	19062831	50
19071911	21	21
19091822	40	19092341	24
19093042	33	25
19101512	47	19080122	55
19082311	6	19062431	44
19090411	43	21
19091832	41	33
19080242	17	23
19071021	6	20
19080231	28	34
19071642	46	16
19070241	58	22
19071622	44	19081231	13
19082012	14	19082641	39
19081611	13	51
19082041	57	19
19093041	18	48
19090313	57	1
19070321	41	19070431	13
19091942	34	25
19092511	11	28
19092621	27	19062542	10
19081231	19	19071032	10
19082142	42	19090342	29
19090641	27	12
19062731	36	19083022	31
19071711	4	19072211	51
19101421	1	12
19070922	48	20
19073122	22	19080812	39
19070221	37	19090342	58
19070831	36	12
19080921	53	40
19082711	29	19072541	26
19092511	26	13
19100832	30	19072212	23
19081941	22	19101033	34
19091631	42	55
19100222	29	14
19091013	57	54
19083022	58	5
19070212	14	19062722	17
19070142	58	19092341	2
19101033	24	38
19091813	31	49
19070242	6	19081912	12
19080241	54	23
19082142	24	19092331	38
19072641	42	14
19082922	50	40
19070931	19	19092432	43
19091631	14	18
19101112	2	19072621	1
19062732	1	27
19071811	54	3
19091031	41	19
19071611	24	54
19071011	26	59
19062731	23	19071522	21
19101512	51	19101111	18
19091733	60	48
19090232	50	57
19072322	28	19071833	53
19083032	15	19071922	21
19082031	5	19062531	45
19070311	9	1
19100232	30	19091121	4
19091122	28	19090511	27
19090431	39	19062421	46
19101442	4	19080141	39
19092331	5	19082022	53
19091741	15	19080941	26
19090942	22	20
19072242	30	19090421	17
19080831	5	19091612	10
19082612	44	36
19081912	10	19073122	52
19082732	41	2
19070532	50	39
19091012	56	19092512	12
19090222	30	19071522	24
19101132	24	51
19091031	35	19072332	13
19092611	28	37
19070442	19	58
19101012	3	19090441	32
19100121	58	53
19071642	51	19090511	34
19070222	32	19100811	24
19071921	29	19062722	14
19062431	56	19092333	5
19081333	32	40
19083042	3	19072641	51
19070531	39	6
19100813	46	19081311	40
19081332	1	2
19071511	9	52
19091733	52	19093013	51
19091142	41	19071241	13
19072242	50	19082142	16
19101441	36	19080242	34
19072922	8	26
19081222	47	30
19062731	40	19100123	15
19070121	4	10
19082622	44	30
19082842	16	30
19092611	35	19101422	17
19080831	54	19100231	8
19080131	9	19082031	46
19091121	34	49
19082032	27	34
19081342	15	28
19072311	17	19100213	19
19071833	50	60
19091742	47	19092521	13
19082342	52	19071241	58
19070221	55	19091142	36
19071922	56	19081432	11
19080922	33	19091621	14
19090333	9	19100421	34
19071522	10	55
19100422	54	29
19092422	12	19083021	9
19073122	21	19091141	24
19070931	21	9
19090911	40	19072621	46
19090432	14	19092511	28
19090521	17	39
19071611	10	46
19070942	52	19092521	43
19080831	45	19080642	11
19081443	24	46
19090911	20	25
19081621	60	15
19092511	8	10
19062842	20	42
19070242	4	19081912	28
19091131	26	19070522	59
19071741	42	26
19090222	2	19082931	55
19082212	8	12
19100812	48	29
19081912	34	58
19082012	44	7
19090542	2	19091011	9
19070922	59	36
19092312	3	19090332	14
19101112	9	49
19082222	12	19100222	24
19072231	27	19091132	31
19082822	49	19072441	13
19100821	12	19082311	21
19090431	59	43
19081432	16	16
19092421	32	43
19070212	15	19070541	60
19070942	59	19092632	59
19070222	60	19080221	43
19100432	51	19091841	8
19100431	19	5
19081921	33	19081621	3
19072321	11	19080241	16
19072311	39	47
19081423	51	19072321	46
19082722	43	56
19071621	60	6
19070522	52	59
19071511	31	5
19092512	34	19071841	59
19090541	39	19070942	52
19090313	13	19081432	2
19090241	58	59
19082931	11	37
19071522	10	9
19073122	7	19072612	29
19071512	50	19101021	31
19071241	47	19100823	47
19062732	14	19070921	23
19080131	59	57
19071832	9	7
19080831	21	19100231	9
19072242	21	19092622	11
19100741	37	19081922	8
19101112	19	10
19062832	49	52
19081932	20	51
19090521	59	19071111	20
19081921	19	34
19073012	34	25
19070241	53	19101112	29
19082321	21	19071712	38
19072541	57	38
19070841	33	19071221	57
19080921	60	19070541	32
19100812	6	35
19070121	57	18
19070121	58	31
19081922	26	28
19071742	56	21
19071742	31	56
19081632	31	40
19071911	6	39
19081443	32	19071032	31
19072241	33	19082621	30
19073012	10	19080821	24
19070321	53	19
19082921	32	19090542	48
19090333	12	19070421	48
19071821	38	19100833	26
19071922	11	19072311	45
19072221	49	59
19071712	52	19080742	55
19072322	14	19070121	19
19092341	20	19080922	21
19071731	30	19090642	32
19082642	58	19081932	35
19100131	32	19080541	26
19062811	32	58
19080133	50	33
19071931	4	24
19071542	27	38
19100821	19	19082311	19
19081622	33	23
19071121	43	19080642	10
19072312	15	46
19082011	23	39
19092422	59	19071711	5
19100222	47	17
19062731	10	19082321	46
19072432	59	19091132	12
19101422	56	19080742	20
19082741	10	19080241	2
